1.817139	15.909175	86.195976	
0.928917	7.808390	42.841133	
0.614356	5.314036	28.640596	
0.466148	4.003246	21.771812	
0.397015	3.172277	17.641887	
0.325118	2.625593	14.358665	
0.264192	2.305718	12.667456	
0.246918	1.994896	10.939515	
0.246665	1.813112	9.835741	
0.211405	1.647540	8.803890	
0.191686	1.465592	7.966241	
0.174662	1.374139	7.494577	
0.270255	2.238667	12.003102	
0.251960	2.026533	10.826360	
0.240230	1.986219	10.731158	
0.229933	1.885188	10.338245	
0.203496	1.675673	8.965855	
0.194562	1.586627	8.561680	
0.184616	1.492310	7.994144	
0.182261	1.489481	8.079474	
0.166587	1.363584	7.293291	
0.170085	1.389350	7.563903	
0.164904	1.347656	7.421069	
0.158708	1.272586	7.017834	
0.148266	1.195990	6.474245	
0.150950	1.139316	6.206174	
0.152368	1.130992	6.177017	
0.134982	1.094891	5.907881	
0.137789	1.040311	5.680674	
0.135942	0.998055	5.367453	
0.137032	0.979369	5.281055	
0.136318	0.978119	5.320418	
0.126978	0.925017	4.981903	
0.121379	0.869527	4.627538	
0.107838	0.822828	4.425656	
0.111781	0.801184	4.258731	
0.107836	0.800421	4.208124	
0.102267	0.749860	3.921836	
0.109949	0.747420	3.951829	
0.116775	0.772137	4.102961	
0.111374	0.760677	4.065659	
0.107862	0.714884	3.901794	
0.110950	0.704390	3.793012	
0.108615	0.688763	3.697739	
0.104793	0.716408	3.880411	
0.103716	0.696249	3.774031	
0.100678	0.671118	3.591237	
0.110558	0.664538	3.545392	
0.101030	0.660307	3.509636	
0.094058	0.624715	3.366780	
0.094928	0.604144	3.206253	
0.115493	0.622433	3.043369	
0.123580	0.583780	3.037975	
0.119288	0.616828	3.139269	
0.114649	0.580162	3.116930	
0.117833	0.576998	3.068242	
0.103015	0.562563	3.006283	
0.125478	0.563260	2.914946	
0.103169	0.523619	2.858027	
0.113613	0.563546	2.758992	
0.170337	0.673754	2.844372	
0.267385	0.662890	2.816982	
0.220295	0.523723	2.689325	
0.116259	0.539954	2.661652	
0.108786	0.539031	2.709836	
0.101743	0.531817	2.604479	
0.121159	0.506051	2.477358	
0.111799	0.509757	2.604461	
0.101337	0.480788	2.543742	
0.112001	0.470977	2.460221	
0.116251	0.454616	2.351348	
0.106044	0.452625	2.356706	
0.098008	0.463691	2.383831	
0.105787	0.463428	2.352735	
0.113105	0.454496	2.316393	
0.113005	0.456626	2.202265	
0.098447	0.457694	2.222753	
0.116043	0.454991	2.199201	
0.125240	0.462193	2.128671	
0.141375	0.496780	2.149283	
0.119678	0.476552	2.260340	
0.359600	0.550785	2.196439	
0.150266	0.471457	2.159142	
0.153477	0.515053	2.039433	
0.166946	0.536052	2.374702	
0.196125	0.457620	2.089933	
0.213059	0.494189	2.012283	
0.216968	0.617237	1.909307	
0.252902	0.529698	1.947723	
0.238497	0.466648	1.982292	
0.237221	0.549728	2.141848	
0.465050	0.474199	2.064131	
0.232307	0.600667	2.112250	
0.173121	0.637673	2.124765	
0.321607	0.548524	2.183369	
0.278870	0.703460	2.146872	
0.297574	0.620613	2.174450	
0.298853	0.675656	2.129737	
0.293593	0.564641	2.165088	
0.304570	0.650787	2.108653	
0.319388	0.611988	2.159244	
0.312425	1.115957	2.035628	
0.274512	1.254511	3.347048	
0.373052	0.747839	2.133591	
0.380878	0.916337	3.328007	
0.464889	0.560789	2.067395	
0.353607	0.731271	2.074705	
0.309784	0.637167	2.142972	
0.358162	0.641561	2.197581	
0.479036	0.680815	2.116968	
0.510137	0.685350	2.109593	
0.478315	0.656583	2.137638	
0.493944	0.706952	1.974379	
0.418154	0.817119	2.081248	
0.453444	0.709386	2.189255	
0.420178	0.727106	1.997583	
0.359933	0.756575	2.077012	
0.624252	0.880351	1.997369	
0.328275	0.751892	2.029577	
0.541221	0.693153	2.140759	
0.667419	0.861802	2.247945	
0.568443	0.883214	2.742365	
0.594539	0.838961	2.201576	
0.582540	0.984091	2.362222	
0.476064	0.896784	1.962599	
0.942028	0.838965	2.197463	
0.740339	0.756720	2.061246	
0.706761	1.009385	2.157428	
0.731574	0.862169	2.319919	
0.709592	0.882226	2.086844	
0.880606	0.913469	2.008946	
0.855321	0.925599	2.055736	
0.713572	1.009398	2.134045	
0.831782	0.922720	2.131358	
0.822781	0.965600	2.137522	
0.924824	1.113256	2.285597	
0.807459	0.947980	2.070471	
0.725642	0.880554	2.264060	
0.870656	1.035237	2.109665	
0.789373	1.044043	2.571188	
1.377685	1.877046	4.210298	
1.356862	1.749574	4.294824	
1.396934	1.882786	4.209637	
1.580765	1.967422	3.854199	
1.321651	1.602161	4.374140	
1.598900	2.013871	4.109266	
1.529914	1.954859	2.117752	
0.985578	0.929193	2.212329	
1.187449	1.016446	2.612546	
1.111905	1.160994	2.024619	
1.111705	1.216773	2.341319	
1.028560	1.276691	2.345580	
1.102336	1.108014	2.640768	
0.844779	1.215975	2.269879	
0.865852	1.405663	2.496511	
1.021486	1.410121	2.394579	
1.145586	1.125775	2.574516	
0.993381	1.468918	2.511691	
1.098517	1.482454	2.683452	
1.123948	1.410775	2.562032	
	
