0.009901;0.178238
0.020333;0.132340
0.036497;0.129425
0.058631;0.129946
0.081888;0.131136
0.111074;0.132525
0.146123;0.133110
0.188688;0.136996
0.242637;0.138187
0.301775;0.140653
0.358303;0.145437
0.426454;0.161645
0.493610;0.186218
0.577562;0.204346
0.650687;0.204441
0.760370;0.256957
0.865518;0.271579
0.935334;0.303821
1.030894;0.317154
1.132224;0.340843
1.260873;0.359336
1.381354;0.402791
1.521781;0.387221
1.674737;0.457703
1.804835;0.477443
1.968792;0.537515
2.115707;0.526119
2.388120;0.621900
2.616233;0.645353
2.760305;0.726397
3.076628;0.644349
3.194630;0.863744
3.335999;0.899671
3.483553;1.014080
3.760242;1.059646
4.102876;1.191830
4.344179;1.244350
4.509231;1.355573
4.532928;1.312481
5.038832;1.546259
5.272442;1.602092
5.459693;1.711213
5.644623;1.804526
5.944289;1.978317
6.085744;2.125463
6.142904;2.243394
6.635188;2.195257
6.904016;2.490037
7.158837;2.613331
7.413418;2.777847
7.790769;2.836568
7.948290;3.028369
8.133925;3.195928
8.635062;3.405316
9.050043;3.360905
9.332300;3.737062
9.671539;3.898721
10.025323;4.061390
10.464716;4.079001
10.729767;4.265882
11.091413;4.340329
11.438789;4.345845
11.823387;3.564029
12.183785;4.699975
12.596844;5.038286
13.093500;5.364014
13.317603;5.596042
13.799443;5.983507
14.196853;6.245255
14.565577;6.545425
15.044204;6.527400
15.500107;7.057154
16.030265;7.280845
16.370547;7.540033
16.823099;7.657631
17.306950;7.992251
17.740351;8.153283
18.143692;8.345699
18.608490;8.138836
19.128853;8.816759
19.501697;9.094091
20.016226;9.426176
20.475768;9.621929
20.997229;10.064050
21.379420;10.361151
21.905249;10.713451
22.399774;10.717984
22.660319;11.380137
23.255364;11.731571
23.969186;12.057394
24.594670;12.372070
25.127316;12.800851
25.802842;13.167913
26.301261;13.544448
26.922720;13.683337
27.356695;14.254825
27.916273;14.554618
28.466429;14.870914
29.020710;15.171667
29.597594;15.487957
30.171852;15.798585
30.765042;16.092515
31.357156;16.079296
31.931581;16.712043
32.546077;17.040182
33.148190;17.333975
33.759431;17.627925
34.359751;17.927626
34.961630;18.193532
35.565633;18.445870
36.197599;18.262175
36.826892;18.946111
37.456192;19.238601
38.096010;19.422811
38.728343;19.652372
39.378205;19.858569
40.056693;20.027133
40.709706;20.150118