1.830925;16.241975;88.919608;
0.692640;6.005524;30.349241;
0.626670;4.847511;26.537019;
0.560842;4.527388;26.551336;
0.612576;4.766113;26.794561;
0.475275;4.607752;26.614681;
0.548494;4.822106;26.386935;
0.629859;4.254183;26.544553;
0.715977;4.282871;24.635334;
0.684024;3.405165;26.292151;
0.549845;4.465471;24.255693;
0.550489;4.168421;26.352770;
0.498557;3.774849;26.476194;
0.592723;5.012435;26.883577;
0.592628;4.758693;27.068825;
0.508336;4.828746;27.689915;
0.541829;4.399059;26.118886;
0.555852;5.024104;26.383152;
0.560131;4.676506;26.856098;
0.566351;4.890617;24.732690;
0.625800;5.166926;26.708615;
