1.817412;16.267327;88.918589;
0.759524;5.580487;30.007959;
0.538738;4.828395;26.439283;
0.706223;5.902294;27.993912;
0.547296;5.839249;26.998899;
0.526751;4.901110;26.481396;
0.684257;4.146354;26.387784;
0.593126;4.655409;25.672641;
0.620404;4.645596;26.516211;
0.639023;4.742263;27.173037;
0.665891;4.404255;24.820133;
0.554609;4.298206;24.591762;
0.585577;4.918429;24.845582;
0.578338;4.834697;26.850213;
0.554058;4.877576;24.898801;
0.561168;4.907617;25.752495;
0.535757;4.853418;25.935288;
0.623668;4.708034;25.239276;
0.613946;4.408257;26.187544;
0.496973;4.246333;26.742628;
0.575822;4.904536;26.224189;
