1.785097;15.870985;87.042511;
0.579767;5.291614;27.443128;
0.519018;3.897432;21.261722;
0.383738;3.074645;16.346919;
0.275549;2.948907;15.425434;
0.353459;3.038156;15.267230;
0.369367;3.132785;15.754089;
0.394819;2.969005;16.373843;
0.460552;3.015761;15.103281;
0.477790;2.945677;14.499955;
0.386780;2.276707;15.478007;
0.381399;2.913149;15.416254;
0.363715;3.023774;16.018592;
0.327640;2.894134;15.292009;
0.401558;2.993485;14.767377;
0.347589;2.977322;15.417285;
0.398774;3.114427;13.878297;
0.354679;2.873945;16.514032;
0.406812;2.875276;15.178094;
0.374329;3.086157;16.300791;
0.411616;2.975991;15.523985;
