1.799507;15.892824;87.228967;
0.631082;5.015187;26.733722;
0.314359;2.967212;18.427126;
0.353320;3.026261;16.312865;
0.280444;2.983281;16.048792;
0.288354;2.986980;15.951073;
0.327246;3.038434;15.556797;
0.377738;2.916999;15.939055;
0.418525;2.843157;16.214819;
0.462341;2.290097;16.171336;
0.403004;2.678638;16.030785;
0.380764;2.465388;14.622497;
0.346475;3.073703;15.492543;
0.406428;2.750132;16.128698;
0.369095;2.882472;16.295427;
0.362990;3.071166;15.377481;
0.366298;3.135378;16.335602;
0.404102;3.074678;15.092929;
0.353879;2.627922;14.645328;
0.354526;3.106810;16.013736;
0.419916;2.869909;16.203500;
