1.809171;15.913323;87.361411;
0.943803;4.969980;26.633366;
0.506161;4.270363;22.382932;
0.416925;3.939869;21.689441;
0.441758;3.851157;21.299876;
0.419808;3.766557;21.246595;
0.496988;3.919977;20.277314;
0.595337;4.146172;21.560653;
0.444027;3.681659;20.295892;
0.618598;4.070438;21.408828;
0.456907;3.388747;20.613892;
0.429772;3.356753;20.819710;
0.492317;3.767605;21.038708;
0.447829;3.430981;18.587069;
0.508432;3.854051;20.797802;
0.406072;3.551275;20.173044;
0.459615;4.031065;20.491443;
0.443384;3.992716;21.339922;
0.432768;4.155798;20.665847;
0.485627;4.066501;21.215497;
0.503933;4.027756;19.786283;
