1.843883;16.007772;87.246238;
0.574895;5.031766;28.260708;
0.517502;4.415099;23.411574;
0.373584;3.919449;20.923863;
0.526091;3.656273;26.659811;
0.379702;4.038662;21.380988;
0.535330;4.466403;20.872532;
0.574185;3.955836;21.385290;
0.555294;3.823660;21.086162;
0.492862;3.982562;20.515941;
0.421412;3.537658;21.079339;
0.442788;3.207951;21.490290;
0.427983;2.982552;20.828783;
0.423966;3.631991;21.428730;
0.492983;3.578227;20.099109;
0.430364;3.688412;21.044969;
0.488913;3.902676;21.926367;
0.468689;3.967536;21.534004;
0.512920;3.635447;21.189624;
0.473558;3.994799;21.156901;
0.499527;3.849045;20.396054;
