1.768925;15.822419;86.929776;
0.574680;4.927688;26.628916;
0.512579;3.070180;15.075712;
0.288406;2.586791;14.497238;
0.286039;2.178941;11.646340;
0.286564;2.241516;10.856921;
0.325955;1.998598;10.452885;
0.246182;2.158508;10.937854;
0.318405;1.870598;10.926884;
0.371785;2.068134;9.697749;
0.288186;1.970351;10.961093;
0.276231;2.027766;10.032057;
0.267940;1.814389;10.813088;
0.312810;1.728480;10.843185;
0.279954;2.161238;10.672219;
0.290648;2.118801;10.513207;
0.341321;2.056557;10.637473;
0.305131;2.037739;11.060505;
0.290772;1.866748;10.692199;
0.317590;1.988715;9.812483;
0.246716;2.015029;10.583906;
