1.729999;15.509693;84.938476;
0.580342;2.742617;14.851315;
0.315311;2.692545;14.527608;
0.314871;1.984679;10.183644;
0.255118;1.977597;8.297613;
0.226076;1.766925;8.047343;
0.202304;1.394765;7.151093;
0.196993;1.198987;6.573750;
0.172801;1.157435;6.185758;
0.159867;1.062343;5.676575;
0.162598;1.077902;5.479436;
0.186170;1.169448;5.533587;
0.174392;1.142400;5.724094;
0.193144;1.071887;5.468290;
0.183772;1.099166;5.683418;
0.215372;1.118351;5.677479;
0.219005;1.176890;5.702618;
0.212580;1.127556;5.489473;
0.198824;1.126265;5.519842;
0.260135;1.159479;5.620326;
0.198188;1.280613;5.611704;
