1.847181;15.962187;86.900035;
0.586314;4.919206;26.612454;
0.313603;2.681896;14.917389;
0.279520;2.622273;13.290716;
0.271360;2.202999;12.015065;
0.233910;2.067711;10.644621;
0.233049;2.066456;10.922416;
0.247130;1.985570;10.547508;
0.309238;1.931174;10.890755;
0.287762;1.771162;10.249990;
0.258516;2.064130;10.213826;
0.288258;2.184580;10.004351;
0.276077;2.125354;10.343478;
0.269802;2.064953;10.226200;
0.282421;1.921527;11.002615;
0.316414;1.899357;11.053177;
0.298136;1.886977;10.588681;
0.266102;1.928202;11.015726;
0.294691;1.937778;11.250269;
0.334432;2.168329;10.882775;
0.316620;2.159299;10.836716;
