1.760023;15.465641;84.607811;
0.315390;2.728367;14.844114;
0.351455;2.731947;14.841880;
0.321180;2.731588;14.859309;
0.325526;2.748924;14.862613;
0.336704;2.736273;14.860230;
0.318731;2.743053;14.878644;
0.328955;2.747031;14.889881;
0.345975;2.752571;14.868808;
0.335675;2.782702;14.874793;
0.328972;2.768461;14.924556;
0.329102;2.805607;14.960708;
0.351883;2.767615;15.028209;
0.332889;2.829434;15.005612;
0.342773;2.792995;15.021377;
0.327857;2.786911;15.034481;
0.334152;2.798394;15.018366;
0.337102;2.820103;15.054038;
0.325814;2.813882;15.142832;
0.338871;2.771010;15.048664;
0.321948;2.802569;15.112438;
