1.770730;15.672585;84.859604;
0.588360;2.743583;14.848043;
0.313007;2.703998;14.542925;
0.287074;2.172129;10.138366;
0.271516;2.126801;8.205561;
0.220200;1.740781;7.207455;
0.203750;1.463858;6.403013;
0.197555;1.260422;6.781607;
0.168051;1.160341;6.152760;
0.162530;1.080273;5.690963;
0.182388;1.175845;5.650512;
0.193549;1.166974;5.483053;
0.189539;1.129812;5.531136;
0.236617;1.062274;5.571497;
0.178190;1.135292;5.605781;
0.224571;1.082096;5.542208;
0.233840;1.118737;5.624907;
0.223608;1.149269;5.577644;
0.191934;1.144400;5.642890;
0.265214;1.192136;5.798482;
0.247766;1.171567;5.712748;
