1.821718;15.598802;85.303397;
0.320000;2.734116;14.877052;
0.354042;2.743104;14.879177;
0.319460;2.742535;14.891378;
0.323495;2.767748;15.023810;
0.340334;2.749335;14.936659;
0.325506;2.746792;14.909036;
0.323405;2.757521;14.915223;
0.328587;2.763104;14.965188;
0.365254;2.776643;14.959808;
0.331261;2.786655;14.997630;
0.347061;2.780154;15.009652;
0.340694;2.807551;15.087897;
0.355152;2.869926;15.149350;
0.335223;2.824993;15.547405;
0.349278;2.893758;15.174907;
0.329550;2.879334;15.267920;
0.341561;2.851453;15.104641;
0.359699;2.866691;15.096073;
0.337862;2.859552;15.063541;
0.340499;2.860673;15.173832;
