1.789636;15.851375;86.795333;
0.580131;4.932100;26.626433;
0.429364;2.976383;18.232474;
0.365426;3.097748;16.302999;
0.389680;2.995333;16.573058;
0.326517;3.018419;16.031775;
0.308737;2.948855;15.401589;
0.446865;2.726622;15.968925;
0.420429;2.935245;16.177088;
0.486817;2.936083;16.277361;
0.412060;2.816988;15.224950;
0.353280;3.030876;15.144115;
0.379632;2.383068;15.677422;
0.343500;3.197308;15.142290;
0.417185;2.573440;15.463177;
0.399412;2.940017;14.314645;
0.352941;3.132641;15.782399;
0.422343;2.927868;15.933325;
0.389448;2.699089;15.846779;
0.415348;2.842032;15.930915;
0.348315;3.213692;16.334066;
