1.774836;15.614474;84.602544;
0.317226;2.735855;14.872667;
0.348031;2.832120;14.883504;
0.328302;2.819659;14.940326;
0.326140;2.755593;14.873449;
0.320686;2.751107;14.907457;
0.323525;2.746514;14.870380;
0.334595;2.736673;14.874192;
0.322466;2.759489;14.890191;
0.338724;2.782570;14.881684;
0.350818;2.756815;14.984726;
0.333258;2.813324;14.965275;
0.334779;2.775745;15.005772;
0.335485;2.773189;15.003134;
0.350649;2.810515;15.072859;
0.339580;2.799091;15.017778;
0.331212;2.802945;15.052395;
0.347088;2.819739;15.061088;
0.329871;2.825651;15.119659;
0.341018;2.851146;15.101874;
0.327667;2.844189;15.084609;
