1.773349;15.827053;86.764561;
0.570444;4.925649;26.636870;
0.505494;3.300427;15.040500;
0.341809;2.528828;11.997601;
0.272724;2.285106;12.021109;
0.255361;2.307092;10.901589;
0.240273;2.047766;10.756891;
0.299727;2.004118;9.968659;
0.327492;2.101258;10.478875;
0.347314;2.162254;10.841885;
0.281456;2.004207;10.244087;
0.297900;1.925339;10.865771;
0.303490;1.969300;10.544679;
0.291921;2.077733;10.560307;
0.282791;2.110373;10.712806;
0.297593;2.098983;9.708677;
0.288541;2.139392;10.417511;
0.262176;2.136208;11.059969;
0.280868;2.127387;10.166368;
0.399429;2.047473;9.239137;
0.272358;2.000696;10.396447;
