3.584781	30.709366	165.114283	
1.883292	15.491827	83.061806	
1.241465	10.352847	55.390863	
0.926112	7.807578	41.627935	
0.741785	6.214966	33.082585	
0.616026	5.185292	27.565379	
0.528088	4.435951	23.587057	
0.461350	3.885174	20.648151	
0.414057	3.447677	18.365249	
0.372468	3.118655	16.537130	
0.354006	2.845448	15.034584	
0.358740	2.616340	13.808758	
0.332638	2.464172	12.805678	
0.354038	2.257586	12.040634	
0.399958	2.138632	11.170363	
0.321886	2.119706	10.514691	
0.318882	2.041322	9.949091	
0.309277	1.980112	9.576221	
0.311741	2.119852	9.223775	
0.306169	1.950822	8.687320	
0.300388	1.987060	8.126241	
0.282084	2.129280	7.736124	
0.270175	1.661637	7.791833	
0.242749	1.649718	7.462213	
0.234219	1.893138	7.242275	
0.251282	1.795068	7.312315	
0.224552	1.731388	8.196057	
0.223592	1.740786	8.436408	
0.221616	1.673792	7.973116	
0.220776	1.630035	7.960364	
0.213409	1.461081	7.463867	
0.208841	1.493507	7.894866	
0.194998	1.394720	6.906356	
0.201734	1.350681	7.132124	
0.191158	1.378497	7.010474	
0.188819	1.334713	7.124505	
0.174441	1.337294	7.029435	
0.180114	1.317930	6.327332	
0.187099	1.262751	6.765027	
0.180366	1.251770	6.610987	
0.171279	1.250057	6.492743	
0.178401	1.228369	6.405643	
0.177082	1.173878	6.323773	
0.182848	1.200035	5.964744	
0.169763	1.152021	6.078928	
0.163810	1.148951	5.979105	
0.159745	1.120193	5.895537	
0.161816	1.119318	5.794117	
0.195973	1.115746	5.857732	
0.181249	1.148177	5.762153	
0.178151	1.177570	5.783202	
0.204409	1.240944	5.812841	
0.182806	1.127143	5.945424	
0.177751	1.209112	5.964733	
0.189860	1.138703	5.970477	
0.187075	1.129426	5.947516	
0.176885	1.123296	5.876904	
0.198020	1.205364	5.793036	
0.188897	1.181539	6.016598	
0.176584	1.167491	5.919902	
0.195661	1.246447	5.915601	
0.180718	1.136550	5.783107	
0.163584	1.215171	5.860077	
0.290768	1.207227	6.021278	
0.201194	1.181893	5.864165	
0.180686	1.216999	6.074452	
0.181934	1.171915	5.833272	
0.206497	1.164577	5.847812	
0.186217	1.171767	5.865769	
0.189525	1.140235	5.839866	
0.226091	1.215516	6.078300	
0.179046	1.178002	5.905776	
0.182853	1.153175	5.883571	
0.223621	1.200929	5.960266	
0.182084	1.163254	5.840086	
0.192034	1.197833	5.975692	
0.295858	1.230807	5.921133	
0.212844	1.153689	5.886758	
0.216959	1.153465	5.795278	
0.178843	1.160613	6.007920	
0.230461	1.152277	5.863516	
0.240110	1.231509	5.792885	
0.219947	1.161838	5.790156	
0.179868	1.155687	5.822783	
0.197908	1.155206	5.778137	
0.247280	1.186325	5.860301	
0.210964	1.160649	5.915627	
0.294730	1.214999	5.848551	
0.249682	1.183928	5.839160	
0.314988	1.232813	6.015881	
0.252905	1.157614	5.939621	
0.204459	1.198054	5.914548	
0.239579	1.222318	5.953831	
0.320505	1.183148	5.871444	
0.184838	1.402098	5.870085	
0.320979	1.240331	6.023010	
0.291034	1.279699	5.914556	
0.288133	1.222082	5.866433	
0.240423	1.246100	5.910925	
0.228778	1.227086	5.854430	
